RE: NsiI
RE_COUNT: 3
RE_MATCHES: 1335;3195;4251
---
RE: PstI
RE_COUNT: 1
RE_MATCHES: 3651
---
RE: NsiI
RE_COUNT: 56
RE_MATCHES: 1060;10873;28342;28561;29083;29565;30514;37383;40556;44650;47577;51150;57852;62007;63908;65757;66933;71434;77936;80691;82386;88380;89917;93816;97447;99406;101399;101930;103628;105332;111593;115825;120862;126665;128345;130019;132158;132337;133008;134511;144178;152258;159903;168458;171692;172780;175583;181333;187281;198891;211718;217704;220778;223227;223850;224041
---
RE: PstI
RE_COUNT: 46
RE_MATCHES: 34079;34307;38461;44846;51442;52145;55388;61040;61930;80369;83569;83973;85985;98281;102010;104262;105710;109066;112864;113683;116963;125252;125369;129903;131482;139584;141946;143883;146760;152535;159051;172309;176118;177351;177357;177517;178403;181883;182521;190219;190261;190474;193580;203183;217737;222660
---
RE: NsiI
RE_COUNT: 208
RE_MATCHES: 6866;11099;14063;18254;19159;21693;26036;41482;45164;47257;54055;57317;59519;62851;67611;71278;74607;79045;80124;82386;84702;84813;94591;94685;96379;97870;100198;103029;105259;107642;110535;110883;115817;118524;121828;130293;136390;141974;142486;146989;149908;151291;152060;153516;154747;155300;165316;167288;172273;184674;185368;186914;192165;195348;196089;197421;200314;206912;224390;230849;231583;234098;239805;241120;249467;251980;265662;265818;271465;272658;274579;277469;283623;283928;297486;302770;304932;308725;318931;319351;324581;325163;328077;330761;338383;340774;340915;341157;342409;354816;355906;356735;362807;364392;365256;371719;374594;377126;378968;378975;380470;383010;397707;402293;405780;415677;420013;423604;427265;437341;439944;440459;445763;450805;452975;461535;468420;468917;474940;478537;487820;491108;494103;494916;504275;504711;506492;510791;516574;518085;521443;525008;525031;525358;528026;537930;541157;554526;556894;562360;562874;563481;567319;567834;575018;589227;591565;598917;599701;604413;622886;627626;634529;638245;648873;651479;652321;659756;662067;668944;671468;674581;675554;690209;690276;696487;698292;702167;702257;703811;707011;712852;719565;722705;723192;724128;728071;729541;730554;731063;731554;733156;734812;742015;746159;747906;748240;750629;753935;756274;756948;758397;762696;765198;766359;770843;783083;785997;786113;792097;792971;795900;796682;799146;800532;801699;810134;812082
---
RE: PstI
RE_COUNT: 166
RE_MATCHES: 410;660;684;816;8672;8747;18682;23751;24042;43462;49158;64824;81789;85233;85917;91255;99324;100180;102545;105403;105817;106273;107555;115058;117033;118099;123528;124725;130347;138936;141568;148606;152467;156504;160633;165329;171506;175986;178229;181184;187574;195033;211575;215912;215924;227147;227311;228970;230704;231340;251624;259362;267068;269983;285602;290998;298032;310613;310926;312470;321386;330563;335051;335853;347259;352289;353842;355975;368426;368754;371462;375245;383296;399185;401108;403171;408107;413880;414882;429456;433874;441653;443642;447419;451723;453293;456271;463174;463973;465463;467349;475080;480526;511325;512821;516516;517322;520373;523011;536689;550192;562346;568156;575459;576470;576847;582091;591378;595462;596635;602692;610170;610631;610931;617464;621835;623911;630960;642879;642955;645508;648708;649470;651950;652652;654320;655804;656882;665440;665776;666169;674019;678687;682076;682247;682263;687439;691132;697691;699514;701149;701224;706553;721760;726167;735509;739998;740856;741008;742845;743392;763810;768038;781583;781631;782227;784445;789207;795891;796065;797282;802710;805913;808173;808669;810352
---
RE: NsiI
RE_COUNT: 83
RE_MATCHES: 2073;3580;4779;6127;6765;18358;20898;33330;34656;40968;42228;46814;57510;59383;59831;62736;67175;68901;70791;72430;77354;78151;92949;96663;108049;110736;110943;111624;116201;127360;129784;140745;142206;147037;150141;152980;153248;155687;161308;170534;170746;172245;177486;178961;187493;194286;197287;204290;204933;206105;206198;206594;214186;218073;218487;221009;221147;225974;233042;233467;237262;240380;241808;247910;255725;255828;264366;267284;273277;274053;275656;278206;279382;282082;282235;289758;302181;310186;311534;311824;312701;313707;313749
---
RE: PstI
RE_COUNT: 72
RE_MATCHES: 10123;15578;30870;32022;32682;36000;40666;48165;54808;56371;58332;61858;71536;76907;79154;81099;94155;96803;102355;110113;111653;111801;118710;119619;119634;123352;128714;131709;133486;153768;154872;157744;160756;167778;170190;181516;184562;196979;205663;208669;211028;211403;216318;217188;224088;228084;228675;234937;238131;238251;242736;242778;245751;249678;251398;254482;259452;263523;265374;266607;266697;275958;276177;283657;284173;284420;287130;287581;295328;303463;304929;306062
---
RE: NsiI
RE_COUNT: 459
RE_MATCHES: 1191;3761;11315;15862;15901;18577;19806;20881;21973;23739;24108;36484;37634;38978;40843;43504;49927;64188;68797;75175;84126;85594;85819;87439;90176;93219;96782;96861;97497;99127;102581;103972;115075;120494;124969;136354;137782;139454;140242;141811;146092;153838;157703;172831;174029;176773;177197;178933;180267;181630;184547;187994;189224;192363;196590;197060;201610;203936;205156;213475;213538;217890;219641;223796;224688;225350;226621;236001;239008;253800;265584;265892;266729;271687;282980;285683;289817;294053;297195;300783;308124;308524;311777;312647;312891;313648;319238;321393;324828;327568;327823;331331;333154;344158;346252;351119;355370;358304;362674;365727;369462;372842;378794;379578;382485;388823;389056;392658;394530;396195;400061;400925;404746;406628;407766;408439;410145;424877;429064;430736;433421;440633;440782;440857;446426;447275;448015;451158;451738;458619;463513;467968;475273;477040;477220;479050;480476;483634;487162;487683;496743;498839;501554;503572;503635;503710;504799;505905;521329;521664;523152;527779;531664;542594;542953;550100;553178;554681;557572;573124;574588;576938;584972;587551;588066;589663;591017;592801;599955;599976;608920;608982;612013;612612;614461;614642;616441;624766;637729;638771;640403;641852;642784;642799;643532;659060;668913;669780;670045;672599;672624;674755;678148;683914;687927;690267;693029;694078;694778;704251;710429;717833;719072;725522;726045;730449;732874;736016;740774;746062;746454;748909;749440;766771;769429;770014;771738;773215;775301;776027;779188;780223;785857;789624;804042;810127;813417;813991;815566;816735;817155;823112;828696;828803;840382;841341;843487;844273;858725;858729;859681;859902;867860;869527;871682;885186;890925;891447;892412;899096;900151;905364;909826;911562;916073;922845;927853;929107;931792;932351;932443;934047;938226;940227;940359;951601;952218;952530;953784;956812;958637;959169;959720;962443;964141;964661;968545;969047;971015;974065;974321;975515;975548;977375;979834;980323;999714;1001440;1007853;1015384;1021220;1021705;1021709;1021897;1023863;1024387;1032888;1035126;1035647;1037040;1037757;1048044;1051022;1053375;1056832;1057081;1059369;1059705;1065860;1065898;1069829;1073287;1074847;1083250;1087451;1093038;1093154;1095623;1102635;1119075;1120470;1122199;1125903;1129595;1130115;1131120;1133141;1138589;1141850;1144982;1147306;1148170;1153715;1154995;1156405;1158176;1160387;1162993;1163001;1169035;1176419;1176470;1179282;1179942;1181331;1183667;1185833;1186771;1190508;1194238;1194676;1196715;1201674;1202061;1204419;1214226;1218214;1218506;1219718;1220371;1228021;1231939;1240998;1248118;1248346;1256098;1258476;1261303;1263926;1265628;1266287;1269403;1270625;1275238;1280931;1283436;1284049;1286144;1286684;1287693;1288379;1289100;1290548;1292661;1293914;1296015;1297012;1298850;1299952;1300616;1301022;1302485;1303719;1317054;1317690;1321799;1326389;1329970;1332868;1333338;1335251;1335570;1337821;1339951;1342286;1343374;1348311;1349337;1359609;1360154;1361162;1362572;1364913;1374618;1376797;1384842;1385722;1389053;1395483;1397949;1401011;1404587;1407384;1415252;1418763;1431895;1431930;1435843;1436234;1440389;1443577;1450622;1451628;1452750;1454875;1455514;1460176;1466223;1468214;1471836;1472550;1480859;1487570;1487726;1488266;1491721;1494021;1499799;1505400;1509548;1510282;1511257;1512939;1514770;1515400;1518119;1518218;1521028;1524344
---
RE: PstI
RE_COUNT: 263
RE_MATCHES: 5477;9731;10235;13113;13795;24521;28354;32832;47687;47782;51492;58909;59334;67409;70328;73323;73796;76479;77324;77363;78693;88233;97408;98943;104491;105424;114510;127016;144049;161894;165157;167480;175153;176098;182745;191390;194137;194286;196275;204806;217675;223616;229456;241490;263503;266666;269064;270619;280129;286094;287650;291110;296359;298890;305375;323646;330216;339680;354317;356497;358879;382239;388814;392839;393249;394776;395484;400076;404211;407742;411495;414220;419201;430069;432481;433404;437839;462559;489154;495680;502790;504593;521400;538398;541349;543518;543661;558189;571202;584099;592584;595658;600070;603871;606789;607399;607405;615749;618048;619450;634739;638673;661599;674017;674050;676397;693848;699970;700071;708568;721924;724882;729556;731341;739434;742914;746049;749918;755036;760200;760372;768904;770826;776626;789373;790941;796525;804036;804790;808442;816927;818230;820190;829254;833794;839404;882321;890675;891318;892754;900256;904956;908890;922627;926847;927688;931612;932173;934175;949893;956397;958080;958275;973312;980532;980807;980976;993757;995934;1008965;1020913;1021580;1032069;1052906;1056569;1060584;1062100;1064123;1065554;1068184;1068928;1080085;1085480;1089284;1106107;1113232;1113312;1114999;1126165;1127555;1131047;1131531;1131723;1153932;1157566;1192073;1194169;1194989;1203449;1208587;1215298;1224945;1234829;1239108;1246940;1261515;1278373;1280472;1282764;1285730;1296067;1305693;1307079;1308947;1309788;1310691;1312112;1313236;1316190;1316847;1319915;1321439;1334171;1334781;1343781;1351684;1353553;1361354;1368912;1369350;1373473;1378273;1389924;1394492;1396281;1401559;1403549;1403851;1406547;1409780;1410371;1411975;1417359;1429491;1432862;1433186;1434576;1440350;1443929;1445012;1445471;1448956;1457883;1476216;1477468;1482354;1483102;1485124;1485146;1490853;1491350;1496201;1501834;1503628;1507194;1516412;1520470;1523988;1529535;1531154;1531286;1531310;1531560
---
RE: NsiI
RE_COUNT: 116
RE_MATCHES: 8043;19261;21461;33213;35504;39782;40624;46820;48117;49321;50590;58236;60408;63914;69719;70738;73839;88335;88453;88920;91032;100029;101307;105212;120542;122761;126312;127769;130835;131727;133685;138886;144436;144740;148387;157144;157503;158017;159910;161831;162549;167484;171177;171281;174151;174164;174652;177457;178804;181990;190053;191126;195072;199173;200046;202469;211248;217468;218353;229128;238289;238521;244422;251625;253047;256024;258358;264264;264994;269767;270277;272447;274971;279909;280667;286141;288328;293140;293565;299810;300985;304172;313806;313932;315795;318031;323809;329979;330787;333052;337213;339263;341822;344722;345729;348731;350011;350838;358453;363905;366157;368906;372163;375940;377593;380894;384426;395220;395424;398167;401975;402823;406020;410498;422773;425047
---
RE: PstI
RE_COUNT: 114
RE_MATCHES: 610;860;884;1016;2911;17975;20503;29267;32890;43561;48877;53964;54058;55533;60058;64595;67144;70390;72735;74533;78391;96691;97418;99548;101005;107152;118070;120623;120839;121367;121700;126525;127737;132325;135464;147335;158073;158963;160050;168693;169910;172296;174777;178835;184380;188063;200750;204349;215017;215350;226495;230570;234030;237003;237646;239381;239969;243680;250442;250811;267414;268198;268248;268569;269039;269524;278641;281859;283336;287014;290455;301575;303005;305076;305626;309052;309892;310253;311363;314277;315859;333642;334372;334405;335652;338241;344119;350147;350328;363623;365491;365515;366118;366283;370722;375081;375995;379731;383228;383702;385028;387536;389678;395405;396213;402513;402528;402745;406789;420237;420549;422736;431255;432430
---
RE: NsiI
RE_COUNT: 15
RE_MATCHES: 18314;20798;21026;26377;36692;36821;37052;39504;40919;40994;41607;48809;69882;73818;79332
---
RE: PstI
RE_COUNT: 1
RE_MATCHES: 75846
---
RE: NsiI
RE_COUNT: 152
RE_MATCHES: 6761;7682;8015;8382;11649;12455;31826;34205;37644;37880;70469;72694;74689;77328;79551;83892;93126;95781;96770;98534;99196;106079;109702;111473;113122;115310;116989;117371;118605;121788;129267;129765;131328;133846;140698;148226;149678;150165;152526;152729;155808;157559;161728;166351;167618;179008;182292;187890;193931;196039;197357;204084;209628;219542;221848;225824;231525;235455;236313;238798;245226;245516;246024;246196;250502;256038;258455;261227;264504;267433;276412;277233;279032;283031;283781;286174;287917;289046;291066;291769;301125;308278;309336;315065;318830;320763;325188;326483;327518;339133;346428;348113;348581;350875;357320;362834;370838;374181;376617;377996;378000;380310;384230;385277;389519;389769;390543;394198;395853;397953;402749;406928;411871;414489;417439;418288;419887;420833;429143;433525;436787;450919;451166;459658;464131;464764;467459;473003;476803;479428;482669;487223;487574;488776;491263;499160;502269;502965;511267;515470;517569;520981;523445;527839;528397;533077;537059;537480;540640;547834;556275;567228
---
RE: PstI
RE_COUNT: 148
RE_MATCHES: 394;644;668;800;7120;7513;10766;18949;24309;24956;27099;34851;38140;42140;42814;48679;51820;55755;65899;66095;68710;70006;74284;80263;81438;81588;82269;83133;84961;85284;86673;87369;89562;90957;95571;97820;107461;111027;116144;119818;119845;122172;144764;149971;155243;155316;155574;158227;159489;159813;160942;168684;174616;181482;186094;189098;189512;192419;193778;196956;198693;198717;203019;203412;213784;217483;221653;222067;240371;243419;246613;250673;255414;258941;258956;265603;267319;273752;275381;277347;281071;285114;292144;294062;294281;298017;304045;321480;326633;327921;328359;329436;335729;338515;339154;344674;351433;352732;352861;357643;365791;366415;377327;378180;380085;383633;395666;401782;408140;410215;416912;420118;425323;430321;454000;456406;461108;461504;462648;463406;464180;467144;482961;489699;500201;513810;516840;524251;525622;527959;528358;531293;532773;540126;543647;544088;553888;555474;556367;559953;561677;565835;567775;574361;575980;576112;576136;576386
---
RE: NsiI
RE_COUNT: 86
RE_MATCHES: 7758;10602;10812;10895;12497;12627;18207;18875;23048;25937;26001;26758;27649;38799;40068;44589;50213;51856;57321;62360;65624;68423;71695;78273;81015;82125;83190;83478;84853;85255;86265;87448;88917;94395;95497;98133;102860;114152;121129;124316;125088;125304;132096;134424;136076;145005;145861;149941;151321;154328;158979;161023;164791;166674;173410;184508;186874;189457;191904;193472;193736;194165;194398;195904;208243;210274;211449;212162;212960;226541;228443;236020;238742;238760;247365;250313;253238;255382;256380;258951;259379;261945;262198;265588;266010;268568
---
RE: PstI
RE_COUNT: 49
RE_MATCHES: 67;91;223;1777;7540;10000;24272;40732;41735;50765;55789;67674;70467;74290;75365;75662;86274;89076;89082;91506;98343;98690;99529;99924;118083;118590;128655;136219;151286;160447;161388;162393;164318;164714;180119;184909;185271;192590;195811;197472;202870;215076;238077;246333;246756;251147;255850;258299;259921
---
RE: NsiI
RE_COUNT: 285
RE_MATCHES: 638;1608;2142;5523;9116;10808;12322;12671;12896;14569;16220;29250;34599;37518;43332;45538;46858;54059;65764;65783;68106;72030;79430;80589;83734;90255;91016;94498;97113;105554;106537;107289;114512;125362;127393;128939;133061;136249;139300;140512;142852;142958;144838;152022;153077;154606;155488;158554;161637;162767;171487;172796;180928;189168;191811;198865;204344;206726;215164;229918;238888;243321;243882;243914;249165;250040;251366;252303;255380;258021;261402;263891;264387;265160;265263;268584;270563;271955;275375;278485;285977;293074;294835;296983;297615;298092;301529;302267;304297;307162;314539;320106;323746;324633;325215;343268;345838;347540;353717;359115;359155;366615;368489;373002;382036;387677;388486;390876;411138;413194;415156;418710;420555;425284;429720;430592;440361;441255;443362;447579;455018;455534;455912;457869;460202;463710;464008;464383;466272;468118;471085;476131;484494;489603;490164;490472;490622;495252;496239;500518;504517;504824;508040;513209;513244;531016;532431;541787;542414;545535;547636;553762;556191;556873;558462;559564;576039;576625;579321;588415;591004;592487;600651;604487;605508;608089;610336;610372;615281;623814;631870;636616;647224;660982;664075;668916;670983;676425;680502;685919;687282;690525;691775;694482;694628;695633;701468;702875;702942;705256;705897;711788;713971;716196;716386;723061;732202;737131;738971;742425;743290;746367;759766;771450;773748;776497;777406;779525;782782;782971;790408;790892;796759;800223;800227;810702;827059;827159;838637;839287;840726;846669;848724;853640;853946;859278;863423;868547;869720;878528;881607;885670;890420;891044;897927;899271;899720;918251;919918;928391;930143;934292;935544;935712;936289;936601;944585;949202;950749;951311;951554;960265;968767;969042;976045;981208;986618;990678;993039;1000220;1000224;1003652;1015345;1017378;1021908;1022077;1022661;1025735;1034166;1037102;1039360;1039553;1043769;1046195;1050456;1053559;1053713;1054811;1056791;1056880;1059916;1063688;1064817;1066032;1081391
---
RE: PstI
RE_COUNT: 215
RE_MATCHES: 8139;21497;25177;28447;29824;43428;50500;52747;53197;55331;55639;55823;57535;69212;82666;84713;91786;106571;108758;109422;114856;116016;116474;116576;122817;132269;135125;135653;139019;144116;153783;169444;180736;181165;181428;181992;182963;187883;196960;209317;209365;212869;215882;217742;238633;241818;243627;246246;260096;262037;264927;271536;279952;288236;288423;300067;307869;312199;312578;317909;318227;324086;350471;352910;358038;358660;361648;366168;375375;376110;386345;387500;398159;407575;408055;412904;413842;417547;419663;420233;425167;427424;428639;441410;442019;442496;449352;449634;455675;464797;470225;471252;472883;474771;474945;477255;477540;478035;487242;496594;498647;499165;501458;509988;512755;515947;518750;520172;520876;521255;526804;548142;549807;552245;552966;560770;561671;580812;585664;591585;592247;594406;634599;635799;640414;640607;641417;641437;646248;646737;647510;654407;663468;666320;671536;671753;680733;681651;686946;689146;697849;698651;699962;703269;720803;724007;728322;732957;739658;741101;741851;748994;752858;754740;758355;760546;761232;761637;775315;786241;830994;838380;839962;846592;848994;850531;851251;851890;857441;859093;871692;872309;873274;878097;878112;888989;893173;905536;907036;915291;932265;937389;944692;948804;951568;956916;958612;960607;969048;972862;977602;977698;980743;981901;983613;990293;991260;991414;993458;994432;998397;998856;1003852;1005824;1030991;1038724;1055489;1058700;1077174;1081609;1088439;1090058;1090190;1090214;1090464
---
RE: NsiI
RE_COUNT: 167
RE_MATCHES: 12528;14707;17389;17756;18896;21110;23760;26716;29639;30404;30707;31627;37922;38321;54197;57882;64819;65171;66210;76746;77374;77461;80435;98905;105147;107715;109882;111125;113823;115359;119093;122754;125935;126094;128440;130461;130489;130878;148467;153094;157532;157988;162406;163783;165261;170771;173072;174282;175349;175399;177431;178050;182495;188716;198443;203408;205966;206127;213197;215195;216381;220233;224479;224483;231627;238744;239774;240207;241665;243064;246697;249528;253629;256852;264333;268404;281235;287126;290264;290893;290957;296982;298025;299243;303909;305345;311482;311566;316972;317757;326044;326580;326994;327130;328801;330196;337102;337701;339589;340452;359063;362906;368867;370252;374597;375324;380922;381061;393177;393878;396185;396641;398531;405835;406830;407105;409202;410432;410535;410677;413187;417725;421251;424346;425969;426847;428183;429789;433970;434156;434925;437609;438256;445101;450064;453012;456682;460082;461991;470580;476111;477509;480742;486316;487082;487129;487402;490427;492493;496235;506009;508175;508473;512239;513443;517601;517793;518208;520064;529343;532330;538315;541389;549872;550496;550687;555689
---
RE: PstI
RE_COUNT: 98
RE_MATCHES: 575;825;849;981;2472;6970;10770;20463;25062;27301;34640;37771;37978;38148;39235;40180;41335;49011;49717;49865;50291;50581;55605;66550;72629;74054;102031;117419;126342;130631;131843;133024;137853;139511;142803;144496;150876;163134;169895;173424;177916;181342;189288;193468;201192;231428;231832;232076;235183;236275;240471;244489;247929;249727;251254;253415;284938;289268;289625;293000;296953;326522;337729;338332;360681;363684;367507;367690;375135;387281;413928;420527;424095;430604;433808;434471;439259;455817;457533;464372;470802;474214;474397;476990;481469;484144;491497;499553;512810;516433;522463;525336;538348;543271;561504;561636;561660;561910
---
RE: NsiI
RE_COUNT: 214
RE_MATCHES: 8026;19243;31055;34401;35168;39189;41371;44313;45506;46245;57471;61731;65339;71417;73724;76232;78600;79782;79902;84743;85170;85465;88181;102204;103806;107415;108110;108408;118815;123296;129510;137683;146754;149078;151295;152148;158807;165241;165377;165388;165850;166865;167802;168775;170556;174693;175369;177296;185978;186574;192601;194477;202845;205507;209856;215260;218631;220601;223413;224422;226508;227436;228974;233213;235495;237621;244181;244801;245146;247692;249334;251348;251716;252161;255974;256649;261734;261948;269650;269855;270206;271763;278834;283408;291301;291491;304027;306171;311734;311970;318360;319023;320328;330367;332047;333737;337329;342795;349200;349745;350415;351204;356311;360166;370849;372322;383459;383531;384790;386257;392431;395541;397328;404396;406127;413544;414183;414735;415747;415766;418948;420760;423132;424663;428573;434830;436196;439868;444015;445484;445670;447470;448744;456827;459632;459752;464437;465557;465981;466268;485900;486030;503486;504711;511842;523144;526185;527357;528605;529158;542479;544872;546423;551376;557304;560345;562218;573066;577221;580337;582511;585647;586222;590772;592473;593586;597038;599291;603325;605625;606519;608300;612796;617317;625039;627757;634013;634454;634975;637400;640446;641111;646146;651317;652930;654804;660367;662038;663005;664861;664906;673763;677401;692898;694278;696482;700723;701502;703441;705785;708056;711100;716595;718966;719199;720003;722627;724386;728364;729882;729921;734468;742023;744598
---
RE: PstI
RE_COUNT: 155
RE_MATCHES: 593;843;867;999;2894;17958;20483;24726;27891;33821;39768;40753;40967;45609;46080;63759;68654;69474;80182;89343;120625;121348;128881;129159;129387;136471;136832;143081;153090;155096;161352;167454;169347;170856;175607;182050;184169;187720;188924;190448;191495;194132;204932;207271;219341;223698;226136;230600;243091;253103;253307;257506;260354;264271;265969;279131;279192;281779;285117;290665;291079;294743;299341;308933;314304;315251;317688;326325;332850;333160;333236;336522;360384;360687;362908;362920;369509;371386;384908;385778;389050;389478;400606;405173;414397;415184;421412;425054;426933;428663;428897;435470;438106;439451;443318;460020;462394;463571;469593;487014;491599;495348;497487;497745;502164;509493;510371;512263;515084;515844;524009;529479;530747;540335;549653;555493;570987;571209;571989;585716;587960;590377;590660;598199;598849;600317;605436;606960;608788;616042;618430;621380;625432;636764;638688;640358;641980;648731;654923;659355;670637;671543;671822;676402;680337;696552;704245;709336;721033;725327;727695;731988;732670;735548;736052
---
RE: NsiI
RE_COUNT: 203
RE_MATCHES: 1064;4279;5859;8068;8513;10038;10770;11221;13270;17545;17819;20757;20906;21962;25106;25273;25990;27768;29279;32754;33484;37861;38711;45394;48399;48866;49460;50160;52407;54023;55339;55872;57830;59675;60516;63866;65210;68794;72972;74430;74930;75181;77162;81924;84960;85807;86402;86867;90937;94534;95344;99059;99357;111634;112480;117365;117636;129189;129768;131802;133821;134371;136244;142942;143846;144201;145386;146842;152250;154796;155940;156726;163189;165159;173480;173937;179114;188200;188956;190582;190996;192304;195804;205567;209872;220207;223996;230486;241528;241630;243223;245341;252290;252998;255912;257507;257883;259483;263727;269314;276642;280517;292289;292532;293659;295542;298024;298970;300177;300350;300463;301574;301662;304601;309279;309298;310200;315953;319636;319709;322603;322642;335795;343619;345135;356037;369570;372722;375114;378233;386619;389092;393077;394197;394664;395747;397511;411173;417507;423893;424787;432591;435873;439527;446758;449542;453754;455133;459835;460264;461475;464760;466515;469126;471554;472330;476598;479969;482511;488269;488499;492353;495937;499429;499596;505820;506696;507743;508214;512860;520816;529732;532126;532697;533423;533690;534290;544957;549196;554329;562842;564262;572922;573097;574266;574503;575315;578345;589548;590572;592263;602771;602775;603354;604838;610344;630105;631153;634150;641355;653252;663239;665422
---
RE: PstI
RE_COUNT: 138
RE_MATCHES: 15010;19125;23743;29511;29784;29892;32742;34973;43933;45143;52698;53771;67359;68940;71073;79790;80794;82494;86747;89503;92853;93151;98124;100247;100820;107274;110500;113227;117828;120121;120947;125252;125956;127752;128296;135517;142328;142442;150946;151449;154456;156450;158999;159122;169531;171007;178540;188699;199370;206269;210354;212185;214275;221607;223057;223154;223298;234484;247278;247971;270990;272763;273919;275385;275427;278238;288474;290776;291864;296027;299457;305043;306718;307235;322348;322682;328624;330678;335158;340124;343325;344594;345436;348497;350307;354469;355146;380708;380720;381420;382666;385384;391162;396689;400890;402363;405281;411076;434258;434654;434921;436258;446713;456531;463101;471341;474132;474435;477393;486960;487734;489776;491058;502937;504848;507593;511331;525904;526588;526777;532943;535398;541887;559629;572304;580578;599446;599585;600559;601137;601344;601897;605676;612656;620323;631111;640509;645586
---
RE: NsiI
RE_COUNT: 288
RE_MATCHES: 12344;14589;16338;19078;20407;21347;29099;35321;39464;39927;46258;49922;56785;60140;60605;69812;69881;70534;73374;76292;78099;79822;83936;94084;106906;116497;117020;119944;125737;131303;135825;145008;146102;147652;149752;150631;151766;153384;160681;169348;178503;178743;181021;184658;189009;190589;192607;193003;194269;202908;203115;210389;210409;212594;226604;234590;234601;234934;238894;241692;241834;248004;248584;250426;264597;266180;267805;270171;272644;275567;279769;281533;285139;285686;288673;294858;297767;298001;299402;301896;302075;304572;307350;312859;315128;315596;316273;317227;320487;326229;329949;331206;332822;336302;337783;352737;356717;373673;378110;378298;384030;385811;387306;392864;394513;395573;396535;398613;400951;401600;401815;401830;402733;404491;410322;410384;410504;414434;415610;418483;420802;421177;426679;442081;443341;445073;447299;450934;457677;466814;492952;496594;496602;498101;498371;502273;508577;512102;517280;518245;520123;520874;528956;542699;558697;561184;563544;571374;578638;579232;579475;579729;582082;589419;589648;593078;600089;600824;603864;609305;609417;610665;612113;613861;615192;616730;622773;626687;631117;631219;632356;635162;636496;642516;646494;646938;658520;665473;690611;692986;698659;706312;709276;711621;714297;715526;716044;716264;722560;722832;724785;725154;733447;740309;743333;763380;771456;771506;771784;775489;781664;782554;782707;783033;785633;787334;790728;794371;794708;798516;800409;801056;805711;811367;811600;815434;818631;819669;823257;825604;827940;829660;849801;855652;857472;865212;866341;877748;881825;881927;883010;886971;890244;893778;903536;913031;918625;921124;924887;925636;926451;927687;927753;929796;932672;935273;949977;950464;954702;955622;956714;963122;963817;970606;985278;987262;990582;990870;993786;995420;998398;1003847;1007178;1008293;1010531;1011243;1011854;1018084;1020378;1021719;1023032;1023147;1023990;1023996;1025874;1026234;1032016;1032174;1036286;1039503;1040422;1043324;1047841;1049405;1050940;1055175;1058182;1064012
---
RE: PstI
RE_COUNT: 204
RE_MATCHES: 607;857;881;1013;2740;6250;6500;6524;6656;8275;17486;17809;22680;26981;31213;33213;36963;50837;52442;53851;68521;77022;78058;78253;83652;85019;85304;87561;87759;94612;95085;99533;101143;110910;112101;119130;125477;127780;130335;136981;137164;151871;158460;167948;178849;182434;183010;184769;187409;199381;204652;214093;222714;226779;229450;235111;238064;239430;252427;269924;274620;283799;289466;290867;298930;303885;307421;307794;320577;325072;326936;332774;335495;340827;340871;341355;343578;344099;371798;372710;376360;377890;378304;393083;394372;394628;396621;398729;399375;402705;405479;408137;415109;418945;419467;425567;431092;440870;448521;449465;491001;493913;495162;506169;516852;523960;534191;536909;539296;544885;547419;564962;569049;569767;573419;576102;578432;583049;595037;610934;613341;624235;628434;646192;658193;661435;662260;662739;662788;663719;663840;674225;674863;679668;688797;692889;707306;709482;713408;717269;719301;726470;726479;735911;740846;753844;755481;760973;773776;784949;788678;788813;789002;793334;802408;804295;807838;817530;827746;835951;840764;846555;851982;864429;877536;879394;881586;882335;883496;884693;890988;892791;898447;900359;900535;910398;913067;913507;913751;921942;923346;926349;934698;950689;963961;967637;967680;990839;1005379;1010930;1015765;1021491;1023067;1048452;1069071;1070690;1070822;1070846;1071096;1075734;1077353;1077485;1077509;1077759
---
RE: NsiI
RE_COUNT: 245
RE_MATCHES: 6628;12508;14829;21938;23328;30058;37673;38108;38385;38416;39733;41204;42347;43899;52021;53074;54891;55161;58256;59586;69541;76322;81998;85813;85853;88776;90586;94389;95346;99819;101223;105458;106288;107704;107895;112907;115237;121783;122685;122993;133196;144625;147489;154738;165534;177810;179980;180830;190157;190270;190659;191772;192853;194201;207594;208481;214440;218611;228844;240581;240812;244764;246772;251070;259020;261390;270548;274059;281625;282397;283981;286376;286400;286404;296283;303154;304149;304898;310794;310966;317449;319524;320892;333698;333845;337775;343192;353062;363310;364792;367667;369044;369547;380252;381168;384622;389057;390792;390880;394113;396320;403289;404244;407609;410711;422738;426931;427333;430060;430648;432310;433653;442637;443059;449948;450307;456091;456169;465773;469120;469800;475211;475446;476816;492333;493472;496844;504796;507658;519966;520945;522197;524552;531446;537453;538587;541638;549950;557429;562094;562436;564347;567015;569297;573786;574179;574442;574469;576424;585060;587833;588055;591931;594256;594909;597009;599840;602050;603853;603875;604942;611438;619494;625831;631124;632093;632261;635821;635936;646744;647285;648287;651346;656604;656668;660247;661038;661272;671709;675840;689081;695856;696506;700183;703600;704082;704164;705373;710389;710726;712422;717528;718181;720961;723800;725179;725280;729837;733226;734572;738038;738323;738625;742537;742867;743506;746925;751575;755466;755660;757858;779972;780073;784175;784892;788244;794739;795710;797296;807709;812190;815520;821049;823523;826120;827511;831565;832458;833773;834505;838201;840820;842390;842521;849774;855753;856893;858880;859746;867016;879360;885933;887509;889288;916487
---
RE: PstI
RE_COUNT: 157
RE_MATCHES: 591;841;865;997;2616;10508;17215;24794;30572;39795;42074;42371;68951;71713;79213;87435;88584;91787;92718;102378;117307;122534;125241;129904;135086;135605;135678;142612;146157;148455;153601;157499;169094;177983;179281;191613;203490;203826;212657;215026;218865;221115;221808;227473;229351;237249;241837;242054;245267;245613;248548;256126;259163;272325;272379;273564;279620;280313;282550;284029;291006;292318;298135;301619;301679;306294;312977;315292;318205;321990;325403;329975;339700;342757;363373;365365;366355;371236;387375;409669;435402;439267;442507;450946;452214;459037;459151;462943;472173;473784;474536;487767;489565;489763;490123;495904;498669;502291;514628;521479;535338;540621;542536;551964;554189;560501;571611;571644;582965;589579;590301;594933;599056;618490;622275;624911;642114;643114;661080;662230;667429;670115;695877;722370;748391;748490;751981;774526;785113;794561;795301;797645;807126;819213;819507;820654;831937;834170;838854;845665;853991;859411;860467;871094;876167;879594;880026;884401;887743;890059;891037;891628;907899;913695;915982;917596;921679
---
RE: NsiI
RE_COUNT: 251
RE_MATCHES: 7715;9668;12509;12719;12802;14400;14530;17121;17344;19202;22053;23201;23467;23622;27228;30655;33155;35066;36390;41773;42547;49334;51934;63384;65552;67575;69997;71510;74382;74997;75341;77918;78331;78583;78589;78602;79006;79476;80759;81330;84124;86464;89897;91423;91543;104574;108775;109672;109965;113778;114849;125865;128607;130242;135245;136206;140878;141623;149596;159101;159497;162046;164191;168552;171536;175106;177405;181595;182871;183427;188140;190734;195606;195863;198334;198728;202258;202578;204456;205101;205784;211208;212783;214239;215197;226230;232833;233462;235864;237255;239783;241163;241735;242707;245744;255806;258041;258572;261093;261219;261991;264047;266525;267555;275551;277964;278104;279377;280786;286477;287358;289372;298219;302011;307725;310983;315452;318767;322440;326282;331270;331427;331558;338221;350941;352127;352226;353062;356742;366969;375196;380071;380435;383669;384717;385581;392000;398537;400241;401492;403219;403687;404333;407317;412232;415195;415537;416354;427572;432041;432435;433668;434686;434709;442096;442792;455136;460297;469422;473029;476945;485494;494658;496490;497165;512012;513098;514738;515449;518159;530973;545823;552952;553051;556845;560574;568326;572248;572525;575608;577139;578744;581560;584165;589894;590679;590875;595478;596446;597094;597791;600000;614420;617799;619097;619118;621133;623108;629261;631993;632860;635913;641701;643670;648815;650316;650476;653254;656940;660138;662367;663065;666349;667657;671970;677620;681918;681995;683939;686162;688054;689173;700483;704979;705127;706141;706228;711879;712350;712721;714742;719417;725884;730828;731622;731913;734819;735332;735785;738907;740381;747071;750289;750699;755608;755850;767040;767086;769143;772169;783013
---
RE: PstI
RE_COUNT: 161
RE_MATCHES: 498;748;772;904;2523;9450;11907;21758;32674;47981;55133;68927;69303;70490;84694;88379;95156;131136;136042;136383;142409;148761;152967;155319;158508;172038;173665;175156;181441;184361;184529;185509;187744;188072;188711;189554;195648;196879;209435;210192;211116;212120;217762;218558;227974;232854;235298;241777;247440;248214;257487;265213;268477;270431;270594;271281;276824;278709;279144;281273;284342;288733;289553;289812;294670;295111;300383;301336;307443;318156;332368;332584;332746;358199;358541;358562;359774;366932;378191;379207;379966;391787;391901;393134;397600;403810;404725;406058;433527;435370;440373;455485;458183;467421;473468;475531;488789;489648;489890;495641;502337;503975;506966;508830;516949;517623;531453;532024;534466;537919;571365;573318;579879;584036;589008;589879;594596;598908;600883;602778;609366;614775;622301;629289;632585;639340;643852;653952;654417;656792;658076;660173;663275;675922;676097;678310;680145;680890;684010;685714;695637;696152;697879;701354;707959;712275;715764;716979;720314;722844;723485;724331;731698;733830;745553;757117;758916;764556;776931;777583;778849
---
RE: NsiI
RE_COUNT: 281
RE_MATCHES: 12145;14174;14916;25016;27216;28736;37341;39204;39932;41427;43088;44361;50845;51736;65514;66238;70518;71501;74091;77713;78035;78600;80229;85445;112879;116243;126740;127023;133107;140767;148177;149835;150344;150904;165384;170449;172932;176011;176200;180512;184343;192887;207501;209518;213985;214955;224939;231095;232800;237474;238735;239845;241482;243679;245316;246065;246707;247181;250479;254798;258788;261955;264280;266033;267854;268290;269847;270471;271151;271853;276962;278039;288045;288647;293446;295632;302530;304271;308475;310988;312825;318426;322190;328351;340729;344118;345986;348924;351337;351980;359723;361026;363935;367995;371174;372091;373741;376890;380405;394424;396618;398587;401309;407093;409021;409916;410233;413071;413109;422625;422949;425215;426666;427148;428885;431267;431941;439266;442224;447699;451485;452545;455754;458016;458674;464252;471194;472215;483971;491318;496999;498132;505188;506233;506910;514458;516419;517385;520601;524768;532734;537820;541319;546326;546566;547183;547995;551444;555264;555809;560422;561240;564208;568454;578829;583620;589787;589933;590445;591420;600953;606514;608583;609373;609812;611288;617395;618522;621539;625166;625300;625951;633880;634390;635301;635448;637361;639947;641769;647053;661134;665278;671215;672796;672829;673220;675638;686344;686824;687424;689389;695190;716729;722724;726842;730350;732203;733026;737667;744945;745115;758206;765379;765474;779068;785362;786995;787301;788082;796904;800673;801790;809650;815796;816522;818406;820019;821480;837944;838648;858519;862729;867277;870566;878718;880665;893015;896813;903770;904302;904454;904765;906826;906921;907078;907914;908953;909663;917262;918498;919507;919511;921749;924203;926672;926780;928066;932401;933820;936001;942237;943350;944226;946199;950908;962885;966524;968517;979802;987985;994494;995530;998326;999504;1001021;1006302;1013673;1016709;1025407;1025778;1025846;1032173;1041308;1043425;1045274;1050991;1061910;1062552;1063753;1070533;1082593
---
RE: PstI
RE_COUNT: 205
RE_MATCHES: 22193;26258;28817;30524;43002;44952;46183;47327;48047;48543;54634;61686;65854;71900;75837;82613;82664;82964;84873;88174;89876;91388;98405;104850;107695;116082;117415;130290;142798;144818;145664;158345;169819;172630;184774;190106;194659;203378;206284;212112;212937;218771;223566;231079;244909;258939;267415;267783;275189;280734;285510;291345;291694;293757;296434;296749;310493;312951;319597;324307;329883;345572;352634;362039;371760;375409;376073;377682;385244;388712;390405;391743;391840;393695;394353;400447;400485;407075;407193;413882;415766;417339;417375;421075;437448;460299;462860;467854;468835;475675;481056;481635;488137;504253;510107;513840;516787;519103;533147;534784;543434;546696;561657;569964;578242;583874;614532;615096;616014;616590;623354;623783;628172;630012;635094;638003;638922;639044;669223;670930;671024;677266;677673;679107;682898;694245;695055;699589;710629;718188;719735;722628;731957;735225;735924;739190;741317;742995;744735;747198;754544;758478;758727;759893;765738;768728;774443;776200;778411;781680;783164;795687;798043;800799;805178;811624;819282;823073;836766;846117;847187;851262;856731;864093;864695;869674;871793;872084;878631;879201;888952;898197;902096;903103;932745;932937;936825;940216;946786;952782;954473;955735;956467;957756;958519;963555;977454;982059;985297;997722;1013621;1015242;1027722;1048044;1051621;1054852;1064340;1071309;1076740;1081873;1088699;1090318;1090450;1090474;1090724
---
RE: NsiI
RE_COUNT: 278
RE_MATCHES: 8543;17848;21295;21696;24405;28427;38018;40553;44131;45638;47432;47549;47851;49651;54980;55334;69557;76607;83390;85505;85585;86897;91577;95522;100190;100287;101677;119411;119927;124416;126448;127751;135253;135324;137875;144213;149535;150367;156280;156536;156739;156935;157668;158162;159035;160682;161313;165945;169012;177762;178652;184141;188794;191206;193415;207619;212601;213024;215871;222972;228728;230008;231722;232245;235851;248329;249458;249547;249809;255090;264258;267251;268636;272658;274759;283279;284264;285603;286669;295308;298196;310728;313031;313851;319186;320042;323756;324280;325830;330438;330499;330712;330793;331703;332237;335894;336192;337737;341002;341918;345242;345322;348070;350016;355180;356081;357431;358407;363358;371528;374939;376211;378218;380330;380712;390433;391084;391330;392320;392755;393777;404708;405296;409463;411545;422279;425087;425450;430701;432190;434046;444235;445118;448331;452340;454041;459065;462854;465816;466537;472762;473071;473341;476504;477323;489655;495398;498229;505601;506076;506202;507013;509362;519608;520319;520573;529049;537005;540084;542557;553181;553503;554127;555045;562011;562182;565370;565734;566662;577360;585976;586446;590070;592177;606703;608921;610149;610929;612713;613317;619019;619119;619317;623533;630522;633479;634618;636358;639604;647227;649622;650218;654436;656690;659392;670678;672187;674241;675907;676217;680862;684529;686276;700015;700059;701464;705342;705956;706693;706697;708024;711351;719908;720530;720999;722782;726763;730664;739389;739542;740928;741426;742263;743205;745600;748003;751319;752599;756355;759812;762024;770036;770741;773434;773905;776727;784390;794620;801313;803240;813121;813125;813129;820366;825648;828042;829225;837796;840245;840816;841261;842138;843268;844165;859631;859813;865839;866548;871800;876432;878413;879898;881110;881198;883617;891042;901025;904313;908045;909352;924699;932560;933107;933608;937314;940366;941702;942072
---
RE: PstI
RE_COUNT: 177
RE_MATCHES: 407;657;681;813;2432;9263;14390;26038;28375;30232;30285;30638;34422;39391;45318;47263;52658;53231;53697;54808;69517;78281;81002;82893;94622;108255;109009;109051;115186;115336;130200;131639;131789;132214;138423;147136;150711;167155;171554;173623;173638;180923;192904;193668;197261;199287;199735;206867;207568;215323;216382;233244;242023;257301;259421;267321;280171;280560;289830;292910;304171;305870;325038;330136;340894;341254;357716;357970;358817;361796;368618;369122;372330;376831;378510;382522;387904;392146;398194;403887;404421;406326;414256;424883;429156;457875;461555;467892;469035;475696;482982;485315;493784;497201;498865;501058;501674;503037;515113;518214;520134;520327;524364;529520;530074;530302;546034;550852;552115;553223;575255;575722;580844;583108;585892;587758;602471;602849;603685;606769;610954;625809;626160;627943;628618;635563;637938;647449;649526;657973;664610;669919;670660;687957;704975;706099;712314;713668;714308;720279;721822;734559;737433;738247;752285;757828;784914;788296;791725;794253;796974;798158;801915;818628;833417;840529;843792;846302;864974;868126;868212;882420;889168;892945;900339;902190;905244;908167;916926;920004;931718;931750;945430;947157;947289;947313;947563
---
